# Created by Octave 4.4.1, Sun Dec 08 12:32:34 2019 IST <piyush@Piyushs-MacBook-Pro.local>
# name: y
# type: scalar
0


